%YAML:1.0
---
Q: !!opencv-matrix
   rows: 4
   cols: 4
   dt: f
   data: [ -907.57782, 0., 0., 1457661.75, 0., -907.57782, 0.,
       998294.688, 0., 0., 0., -2193289., 0., 0., -2416.64038, 0. ]
